"Project.ID"	"Minnesota"	"International"	"Birth.Year"	"Verbal.SAT"	"Math.SAT"	"Cumulative.GPA"	"X..essays.in.portfolios"	"Abroad.Credits"	"AP.Credits"	"CS.Credits"	"English.Credits"	"Science.Credits"	"Writing.Credits"	"Needs.Work"
"1"	909886	-0.518028435361247	3.81610373996005	0.440802461941456	-0.422534082904206	-1.64421142250305	-0.189594272921311	0.445741003360064	-0.732874182506974	-0.936976272730964	-0.363733385005135	-0.425938730636408	-0.760460364925913	-0.412470361371181	1
"2"	911671	-0.518028435361247	3.81610373996005	-0.595083323621119	-2.49797301061196	-0.719518160958598	0.560192786981088	-0.863623194010123	-0.732874182506974	-0.936976272730964	-0.363733385005135	-0.425938730636408	-0.760460364925913	-0.412470361371181	1
"3"	908563	-0.518028435361247	3.81610373996005	0.440802461941456	-1.88754979658026	-0.455320086231613	-1.08357115203571	-0.863623194010123	1.02022164709029	-0.936976272730964	0.423270307358917	-0.425938730636408	-0.591956051482403	0.296777455132923	-1
"4"	914293	-0.518028435361247	3.81610373996005	-0.595083323621119	0.432058416740162	-0.455320086231613	0.617868714665888	0.445741003360064	-0.732874182506974	-0.424907844610553	0.0297684611768909	-0.665529266619388	-0.591956051482403	-0.412470361371181	-1
"5"	910104	-0.518028435361247	3.81610373996005	0.440802461941456	-0.422534082904206	0.337274137949342	0.473678895453887	1.75510520073025	1.89676956188893	0.599229011630267	3.30895051269378	-0.425938730636408	0.64374224710334	-0.412470361371181	-1
"6"	909869	-0.518028435361247	3.81610373996005	0.440802461941456	-0.666703368516882	0.601472212676327	-0.477973911345309	-0.863623194010123	0.825433221579485	-0.936976272730964	-0.363733385005135	-0.665529266619388	-0.760460364925913	-0.412470361371181	1
"7"	913864	-0.518028435361247	3.81610373996005	1.47668824750403	-2.13171908219294	0.865670287403312	0.646706678508287	-0.863623194010123	-0.732874182506974	-0.936976272730964	0.0297684611768909	-0.425938730636408	-0.760460364925913	-0.412470361371181	1
"8"	909804	-0.518028435361247	3.81610373996005	-0.595083323621119	-1.0329572969359	0.997769324766805	1.62719744914989	1.75510520073025	-0.732874182506974	-0.936976272730964	-0.363733385005135	-0.0665529266619388	1.96369270241084	1.71527308814113	-1
"9"	911069	-0.518028435361247	3.81610373996005	-0.595083323621119	-0.178364797291529	1.39406643685728	0.935086316932286	0.445741003360064	-0.732874182506974	-0.936976272730964	-0.363733385005135	-0.0665529266619388	1.2896754486368	0.296777455132923	1
"10"	910704	-0.518028435361247	-0.260188891360913	0.440802461941456	-1.27712658254857	-3.88989505768242	-0.852867441296509	1.75510520073025	-0.732874182506974	-0.936976272730964	-0.363733385005135	-0.425938730636408	-0.760460364925913	-1.12171817787529	1
"11"	891873	-0.518028435361247	-0.260188891360913	-0.595083323621119	-2.37588836780562	-2.96520179613797	-0.968219296666108	0.445741003360064	-0.732874182506974	-0.936976272730964	-0.363733385005135	-0.665529266619388	-0.928964678369424	0.296777455132923	-1
"12"	622314	-0.518028435361247	-0.260188891360913	-0.595083323621119	-1.15504193974223	-2.17260757195702	-2.2947656334165	0.445741003360064	1.02022164709029	-0.936976272730964	-0.363733385005135	-0.425938730636408	-0.928964678369424	-1.12171817787529	1
"13"	911629	-0.518028435361247	-0.260188891360913	-0.595083323621119	-0.910872654129558	-2.04050853459352	-0.939381332823708	-0.863623194010123	2.57852905117675	-0.936976272730964	-0.363733385005135	4.04641794104588	-0.591956051482403	1.71527308814113	1
"14"	912969	-0.518028435361247	-0.260188891360913	1.47668824750403	-1.27712658254857	-1.77631045986654	-2.7273350910525	0.445741003360064	-0.732874182506974	-0.936976272730964	4.35828876917918	-0.186348194653429	1.0930870829527	0.296777455132923	1
"15"	908557	-0.518028435361247	-0.260188891360913	-0.595083323621119	-0.300449440097867	-1.77631045986654	-0.679839658242109	0.445741003360064	1.02022164709029	0.087160583509857	-0.363733385005135	0.292832877312531	1.26159139639621	-0.412470361371181	-1
"16"	895965	-0.518028435361247	-0.260188891360913	-0.595083323621119	-1.52129586816125	-1.51211238513955	0.560192786981088	1.75510520073025	-0.732874182506974	-0.936976272730964	-0.363733385005135	-0.665529266619388	-0.760460364925913	0.296777455132923	1
"17"	901897	-0.518028435361247	-0.260188891360913	-1.63096910918369	-0.910872654129558	-1.51211238513955	-1.08357115203571	0.445741003360064	1.02022164709029	-0.936976272730964	-0.363733385005135	-0.665529266619388	1.34584355311797	-1.12171817787529	1
"18"	902002	-0.518028435361247	-0.260188891360913	-0.595083323621119	-2.0096344393866	-1.51211238513955	0.560192786981088	0.445741003360064	-0.732874182506974	-0.936976272730964	-0.363733385005135	-0.425938730636408	0.64374224710334	-0.412470361371181	-1
"19"	909728	-0.518028435361247	-0.260188891360913	0.440802461941456	-1.27712658254857	-1.51211238513955	0.531354823138687	-0.863623194010123	-0.732874182506974	-0.936976272730964	-0.363733385005135	-0.425938730636408	1.71093623224557	-0.412470361371181	-1
"20"	463555	-0.518028435361247	-0.260188891360913	-0.595083323621119	-0.910872654129558	-1.38001334777606	-1.17008504356291	-0.863623194010123	-0.732874182506974	-0.936976272730964	-0.363733385005135	0.372696389306857	-0.928964678369424	0.296777455132923	1
"21"	910685	-0.518028435361247	-0.260188891360913	0.440802461941456	-0.422534082904206	-1.38001334777606	-1.11240911587811	-0.863623194010123	1.40979849811191	-0.936976272730964	-0.363733385005135	2.608874725148	-0.423451738038892	2.42452090464524	1
"22"	912661	-0.518028435361247	-0.260188891360913	0.440802461941456	0.309973773933824	-1.38001334777606	-0.36262205597571	-0.863623194010123	1.70198113637812	1.11129743975068	-0.363733385005135	2.80853350513382	-0.591956051482403	1.71527308814113	1
"23"	907879	-0.518028435361247	-0.260188891360913	-0.595083323621119	-0.178364797291529	-1.38001334777606	0.704382606193087	0.445741003360064	-0.732874182506974	-0.936976272730964	0.0297684611768909	-0.186348194653429	-0.423451738038892	-0.412470361371181	-1
"24"	914141	-0.518028435361247	-0.260188891360913	1.47668824750403	0.5541430595465	-1.24791431041257	1.02160020845949	0.445741003360064	-0.732874182506974	0.599229011630267	-0.363733385005135	0.292832877312531	-0.142611215633042	1.71527308814113	-1
"25"	914560	-0.518028435361247	-0.260188891360913	0.440802461941456	-1.39921122535491	-1.24791431041257	-2.2659276695741	-0.863623194010123	-0.732874182506974	-0.936976272730964	-0.363733385005135	-0.425938730636408	-0.760460364925913	-0.412470361371181	1
"26"	915161	-0.518028435361247	-0.260188891360913	1.47668824750403	-0.544618725710544	-0.983716235685583	-0.795191513611709	-0.863623194010123	-0.732874182506974	-0.936976272730964	-0.363733385005135	-0.186348194653429	-0.760460364925913	0.296777455132923	1
"27"	558725	-0.518028435361247	-0.260188891360913	-0.595083323621119	1.16456627357819	-0.983716235685583	1.16579002767149	1.75510520073025	1.02022164709029	0.599229011630267	-0.363733385005135	3.28771457709978	-0.591956051482403	1.00602527163703	-1
"28"	461225	-0.518028435361247	-0.260188891360913	-0.595083323621119	0.798312345159177	-0.85161719832209	-0.39146001981811	0.445741003360064	1.02022164709029	-0.936976272730964	-0.363733385005135	0.77201394927849	-0.591956051482403	0.296777455132923	-1
"29"	909720	-0.518028435361247	-0.260188891360913	0.440802461941456	-0.422534082904206	-0.85161719832209	0.675544642350688	0.445741003360064	1.02022164709029	0.087160583509857	-0.363733385005135	-0.665529266619388	-0.928964678369424	-0.412470361371181	1
"30"	915189	-0.518028435361247	-0.260188891360913	1.47668824750403	-1.0329572969359	-0.85161719832209	-2.7273350910525	0.445741003360064	-0.732874182506974	-0.936976272730964	-0.363733385005135	-0.186348194653429	-0.760460364925913	0.296777455132923	1
"31"	741341	-0.518028435361247	-0.260188891360913	-1.63096910918369	-1.27712658254857	-0.85161719832209	0.646706678508287	-0.863623194010123	0.825433221579485	0.087160583509857	0.0297684611768909	-0.186348194653429	-0.591956051482403	-0.412470361371181	-1
"32"	910741	-0.518028435361247	-0.260188891360913	0.440802461941456	-2.0096344393866	-0.587419123595105	-1.51614060967171	-0.863623194010123	0.241067945047063	-0.936976272730964	0.0297684611768909	0.053242341329551	-0.591956051482403	1.00602527163703	1
"33"	909681	-0.518028435361247	-0.260188891360913	-0.595083323621119	-0.666703368516882	-0.587419123595105	-0.968219296666108	-0.863623194010123	-0.732874182506974	-0.424907844610553	-0.363733385005135	-0.186348194653429	-0.760460364925913	0.296777455132923	-1
"34"	679470	-0.518028435361247	-0.260188891360913	-0.595083323621119	0.309973773933824	-0.455320086231613	1.07927613614429	0.445741003360064	-0.732874182506974	0.599229011630267	-0.363733385005135	-0.425938730636408	1.71093623224557	-0.412470361371181	-1
"35"	909763	-0.518028435361247	-0.260188891360913	-0.595083323621119	-0.178364797291529	-0.455320086231613	-1.63149246504131	1.75510520073025	-0.732874182506974	-0.936976272730964	-0.363733385005135	1.25119502124445	-0.591956051482403	2.42452090464524	1
"36"	909763	-0.518028435361247	-0.260188891360913	-0.595083323621119	-0.178364797291529	-0.455320086231613	-1.63149246504131	1.75510520073025	-0.732874182506974	-0.936976272730964	-0.363733385005135	1.25119502124445	-0.591956051482403	2.42452090464524	1
"37"	914928	-0.518028435361247	-0.260188891360913	1.47668824750403	0.309973773933824	-0.32322104886812	0.185299257029889	0.445741003360064	0.435856370557871	0.087160583509857	0.0297684611768909	-0.186348194653429	-0.198779320114212	0.296777455132923	-1
"38"	685273	-0.518028435361247	-0.260188891360913	-0.595083323621119	1.28665091638453	-0.32322104886812	0.0122714739754897	0.445741003360064	0.825433221579485	0.087160583509857	-0.363733385005135	-0.425938730636408	1.2896754486368	0.296777455132923	1
"39"	912798	-0.518028435361247	-0.260188891360913	1.47668824750403	1.53082020199721	-0.32322104886812	0.185299257029889	0.445741003360064	-0.732874182506974	0.087160583509857	0.0297684611768909	-0.425938730636408	-0.0864431111518717	-0.412470361371181	-1
"40"	908359	-0.518028435361247	-0.260188891360913	-0.595083323621119	0.309973773933824	-0.191122011504628	1.22346595535629	1.75510520073025	0.825433221579485	0.599229011630267	-0.363733385005135	4.76518954899482	-0.591956051482403	0.296777455132923	-1
"41"	450130	-0.518028435361247	-0.260188891360913	-0.595083323621119	-0.300449440097867	-0.191122011504628	-0.189594272921311	1.75510520073025	0.825433221579485	-0.936976272730964	-0.363733385005135	-0.186348194653429	-0.928964678369424	-0.412470361371181	1
"42"	486816	-0.518028435361247	-0.260188891360913	-1.63096910918369	1.04248163077185	-0.191122011504628	-0.968219296666108	-0.863623194010123	-0.732874182506974	-0.424907844610553	-0.363733385005135	-0.665529266619388	1.82327244120791	-1.12171817787529	-1
"43"	567295	-0.518028435361247	-0.260188891360913	-1.63096910918369	1.53082020199721	-0.191122011504628	-0.449135947502909	-0.863623194010123	-0.732874182506974	0.087160583509857	-0.363733385005135	-0.665529266619388	-0.760460364925913	-1.12171817787529	-1
"44"	895808	-0.518028435361247	-0.260188891360913	-0.595083323621119	-0.300449440097867	-0.191122011504628	0.762058533877887	-0.863623194010123	-0.732874182506974	1.11129743975068	-0.363733385005135	-0.665529266619388	0.0820612022916386	-0.412470361371181	-1
"45"	912878	-0.518028435361247	-0.260188891360913	1.47668824750403	-0.178364797291529	-0.191122011504628	1.22346595535629	0.445741003360064	0.825433221579485	-0.936976272730964	-0.363733385005135	-0.186348194653429	2.72196211290663	-0.412470361371181	-1
"46"	570001	-0.518028435361247	-0.260188891360913	-0.595083323621119	1.53082020199721	-0.0590229741411352	0.473678895453887	0.445741003360064	0.825433221579485	0.599229011630267	0.0297684611768909	3.20785106510545	-0.760460364925913	3.13376872114934	-1
"47"	908041	-0.518028435361247	-0.260188891360913	0.440802461941456	1.40873555919087	-0.0590229741411352	0.790896497720287	0.445741003360064	1.02022164709029	0.087160583509857	-0.363733385005135	-0.186348194653429	-0.760460364925913	1.71527308814113	-1
"48"	909737	-0.518028435361247	-0.260188891360913	0.440802461941456	0.920396987965515	-0.0590229741411352	0.416002967769088	0.445741003360064	-0.732874182506974	-0.424907844610553	0.423270307358917	-0.425938730636408	-0.591956051482403	-1.12171817787529	-1
"49"	914360	-0.518028435361247	-0.260188891360913	0.440802461941456	0.187889131127486	-0.0590229741411352	0.762058533877887	0.445741003360064	0.825433221579485	-0.424907844610553	-0.363733385005135	-0.425938730636408	-0.760460364925913	-0.412470361371181	-1
"50"	915561	-0.518028435361247	-0.260188891360913	1.47668824750403	0.187889131127486	-0.0590229741411352	1.05043817230189	0.445741003360064	0.825433221579485	-0.936976272730964	0.0297684611768909	0.053242341329551	-0.760460364925913	0.296777455132923	-1
"51"	894888	-0.518028435361247	-0.260188891360913	-1.63096910918369	1.16456627357819	-0.0590229741411352	0.0987853655026888	-0.863623194010123	-0.732874182506974	-0.936976272730964	-0.363733385005135	0.053242341329551	-0.591956051482403	1.00602527163703	1
"52"	909680	-0.518028435361247	-0.260188891360913	-0.595083323621119	-0.0562801544851909	-0.0590229741411352	-1.17008504356291	-0.863623194010123	-0.732874182506974	0.087160583509857	0.0297684611768909	-0.186348194653429	0.0820612022916386	1.71527308814113	1
"53"	909863	-0.518028435361247	-0.260188891360913	0.440802461941456	-0.0562801544851909	-0.0590229741411352	-2.00638599499251	0.445741003360064	-0.732874182506974	-0.936976272730964	0.0297684611768909	-0.186348194653429	-0.591956051482403	0.296777455132923	1
"54"	912994	-0.518028435361247	-0.260188891360913	1.47668824750403	-0.544618725710544	-0.0590229741411352	-1.34311282661731	-0.863623194010123	-0.732874182506974	0.087160583509857	-0.363733385005135	-0.186348194653429	-0.760460364925913	-0.412470361371181	1
"55"	908572	-0.518028435361247	-0.260188891360913	0.440802461941456	0.432058416740162	-0.0590229741411352	0.127623329345089	0.445741003360064	1.02022164709029	1.11129743975068	-0.363733385005135	-0.425938730636408	-0.760460364925913	-1.83096599437939	-1
"56"	910643	-0.518028435361247	-0.260188891360913	0.440802461941456	0.309973773933824	-0.0590229741411352	1.05043817230189	1.75510520073025	-0.732874182506974	0.087160583509857	-0.363733385005135	-0.665529266619388	0.250565515735149	-1.12171817787529	-1
"57"	911403	-0.518028435361247	-0.260188891360913	0.440802461941456	1.04248163077185	0.0730760632223573	0.646706678508287	0.445741003360064	2.77331747668756	0.599229011630267	-0.363733385005135	1.01160448526147	-0.591956051482403	0.296777455132923	-1
"58"	688467	-0.518028435361247	-0.260188891360913	-0.595083323621119	-0.0562801544851909	0.0730760632223573	-1.08357115203571	0.445741003360064	-0.732874182506974	0.087160583509857	-0.363733385005135	-0.425938730636408	-0.591956051482403	1.71527308814113	1
"59"	842206	-0.518028435361247	-0.260188891360913	-0.595083323621119	-0.300449440097867	0.0730760632223573	-0.651001694399708	-0.863623194010123	-0.732874182506974	0.087160583509857	0.0297684611768909	-0.186348194653429	-0.591956051482403	-1.12171817787529	1
"60"	911536	-0.518028435361247	-0.260188891360913	0.440802461941456	-0.544618725710544	0.0730760632223573	-0.622163730557309	0.445741003360064	0.435856370557871	-0.424907844610553	-0.363733385005135	-0.186348194653429	0.840330612787435	-0.412470361371181	1
"61"	914376	-0.518028435361247	-0.260188891360913	1.47668824750403	1.16456627357819	0.0730760632223573	0.242975184714689	-0.863623194010123	1.02022164709029	-0.936976272730964	-0.363733385005135	-0.665529266619388	1.93560865017025	-1.12171817787529	-1
"62"	915035	-0.518028435361247	-0.260188891360913	0.440802461941456	1.04248163077185	0.20517510058585	1.54068355762268	1.75510520073025	-0.732874182506974	-0.936976272730964	0.0297684611768909	-0.425938730636408	-0.760460364925913	-0.412470361371181	-1
"63"	910111	-0.518028435361247	-0.260188891360913	0.440802461941456	-0.300449440097867	0.20517510058585	-0.0742424175517108	0.445741003360064	-0.732874182506974	-0.936976272730964	-0.363733385005135	-0.186348194653429	1.14925518743387	1.00602527163703	1
"64"	913296	-0.518028435361247	-0.260188891360913	0.440802461941456	-0.178364797291529	0.20517510058585	0.041109437817889	-0.863623194010123	0.825433221579485	1.11129743975068	-0.363733385005135	-0.425938730636408	-0.760460364925913	-1.12171817787529	1
"65"	440918	-0.518028435361247	-0.260188891360913	-0.595083323621119	-0.0562801544851909	0.20517510058585	0.675544642350688	0.445741003360064	-0.732874182506974	1.62336586787109	-0.363733385005135	-0.186348194653429	0.0820612022916386	0.296777455132923	-1
"66"	767417	-0.518028435361247	-0.260188891360913	-0.595083323621119	0.920396987965515	0.20517510058585	1.28114188304109	-0.863623194010123	-0.732874182506974	0.087160583509857	0.0297684611768909	-0.425938730636408	-0.760460364925913	1.00602527163703	-1
"67"	909340	-0.518028435361247	-0.260188891360913	0.440802461941456	-0.422534082904206	0.20517510058585	0.041109437817889	-0.863623194010123	-0.732874182506974	-0.424907844610553	-0.363733385005135	-0.425938730636408	-0.423451738038892	-0.412470361371181	-1
"68"	913104	-0.518028435361247	-0.260188891360913	0.440802461941456	0.676227702352838	0.20517510058585	1.13695206382909	-0.863623194010123	-0.732874182506974	0.087160583509857	0.0297684611768909	-0.665529266619388	-0.591956051482403	0.296777455132923	-1
"69"	916253	-0.518028435361247	-0.260188891360913	0.440802461941456	-0.178364797291529	0.20517510058585	-0.939381332823708	0.445741003360064	-0.732874182506974	0.087160583509857	-0.363733385005135	-0.665529266619388	1.0930870829527	-1.12171817787529	-1
"70"	916916	-0.518028435361247	-0.260188891360913	0.440802461941456	0.432058416740162	0.20517510058585	0.617868714665888	-0.863623194010123	-0.732874182506974	2.1354342959915	0.0297684611768909	-0.425938730636408	-0.591956051482403	-1.12171817787529	-1
"71"	556530	-0.518028435361247	-0.260188891360913	-0.595083323621119	1.04248163077185	0.337274137949342	1.05043817230189	0.445741003360064	3.55247117873079	-0.936976272730964	-0.363733385005135	0.931740973267143	-0.591956051482403	1.00602527163703	-1
"72"	731141	-0.518028435361247	-0.260188891360913	-1.63096910918369	0.0658044883211473	0.337274137949342	-1.08357115203571	-0.863623194010123	-0.732874182506974	0.087160583509857	-0.363733385005135	-0.545733998627898	-0.928964678369424	-0.412470361371181	1
"73"	569660	-0.518028435361247	-0.260188891360913	-1.63096910918369	1.28665091638453	0.337274137949342	0.531354823138687	-0.863623194010123	0.825433221579485	-0.936976272730964	-0.363733385005135	0.053242341329551	-0.928964678369424	0.296777455132923	-1
"74"	908485	-0.518028435361247	-0.260188891360913	-0.595083323621119	1.53082020199721	0.337274137949342	0.329489076241888	0.445741003360064	-0.732874182506974	-0.936976272730964	-0.363733385005135	-0.186348194653429	-0.0864431111518717	1.00602527163703	-1
"75"	909533	-0.518028435361247	-0.260188891360913	0.440802461941456	-0.0562801544851909	0.337274137949342	0.358327040084288	-0.863623194010123	2.57852905117675	0.087160583509857	-0.363733385005135	2.84846526113098	-0.423451738038892	0.296777455132923	-1
"76"	914969	-0.518028435361247	-0.260188891360913	1.47668824750403	1.04248163077185	0.337274137949342	1.13695206382909	0.445741003360064	-0.732874182506974	0.599229011630267	-0.363733385005135	-0.425938730636408	2.01986080689201	-0.412470361371181	-1
"77"	910961	-0.518028435361247	-0.260188891360913	0.440802461941456	0.676227702352838	0.469373175312835	1.07927613614429	0.445741003360064	0.825433221579485	1.11129743975068	-0.363733385005135	-0.425938730636408	-0.928964678369424	-0.412470361371181	-1
"78"	908312	-0.518028435361247	-0.260188891360913	-0.595083323621119	0.187889131127486	0.469373175312835	-0.21843223676371	-0.863623194010123	1.02022164709029	1.62336586787109	-0.363733385005135	0.053242341329551	1.48626381432089	0.296777455132923	1
"79"	911711	-0.518028435361247	-0.260188891360913	0.440802461941456	-0.544618725710544	0.469373175312835	-0.21843223676371	0.445741003360064	1.60458692362272	-0.936976272730964	-0.363733385005135	-0.665529266619388	1.26159139639621	0.296777455132923	1
"80"	902194	-0.518028435361247	-0.260188891360913	-1.63096910918369	-1.27712658254857	0.469373175312835	-0.33378409213331	-0.863623194010123	-0.732874182506974	0.599229011630267	-0.363733385005135	-0.186348194653429	1.54243191880206	-0.412470361371181	-1
"81"	908331	-0.518028435361247	-0.260188891360913	-0.595083323621119	1.28665091638453	0.601472212676327	1.42533170225308	1.75510520073025	1.02022164709029	2.1354342959915	-0.363733385005135	-0.425938730636408	2.10411296361376	-0.412470361371181	-1
"82"	908870	-0.518028435361247	-0.260188891360913	0.440802461941456	-1.15504193974223	0.601472212676327	-1.11240911587811	-0.863623194010123	-0.732874182506974	0.087160583509857	0.0297684611768909	-0.665529266619388	-0.760460364925913	-1.12171817787529	1
"83"	902291	-0.518028435361247	-0.260188891360913	-0.595083323621119	0.309973773933824	0.601472212676327	0.444840931611488	-0.863623194010123	0.825433221579485	2.1354342959915	-0.363733385005135	-0.665529266619388	-0.591956051482403	-1.12171817787529	-1
"84"	908260	-0.518028435361247	-0.260188891360913	0.440802461941456	1.53082020199721	0.601472212676327	-0.21843223676371	1.75510520073025	-0.732874182506974	0.599229011630267	-0.363733385005135	2.20955716517637	-0.760460364925913	1.00602527163703	-1
"85"	909270	-0.518028435361247	-0.260188891360913	0.440802461941456	0.187889131127486	0.73357125003982	-0.131918345236511	-0.863623194010123	-0.732874182506974	1.62336586787109	0.423270307358917	0.053242341329551	-0.591956051482403	0.296777455132923	1
"86"	910101	-0.518028435361247	-0.260188891360913	-0.595083323621119	-0.300449440097867	0.73357125003982	0.560192786981088	1.75510520073025	-0.732874182506974	-0.424907844610553	-0.363733385005135	-0.425938730636408	-0.760460364925913	-1.12171817787529	1
"87"	909015	-0.518028435361247	-0.260188891360913	-0.595083323621119	0.187889131127486	0.73357125003982	0.617868714665888	-0.863623194010123	1.02022164709029	0.087160583509857	0.0297684611768909	-0.425938730636408	-0.760460364925913	-1.12171817787529	-1
"88"	913448	-0.518028435361247	-0.260188891360913	0.440802461941456	0.187889131127486	0.865670287403312	1.25230391919869	0.445741003360064	1.02022164709029	-0.424907844610553	-0.363733385005135	-0.665529266619388	-0.423451738038892	-0.412470361371181	-1
"89"	907983	-0.518028435361247	-0.260188891360913	0.440802461941456	-0.178364797291529	0.865670287403312	-0.881705405138908	1.75510520073025	1.02022164709029	-0.936976272730964	-0.363733385005135	-0.665529266619388	0.362901724697489	-0.412470361371181	1
"90"	908138	-0.518028435361247	-0.260188891360913	0.440802461941456	0.309973773933824	0.865670287403312	1.07927613614429	-0.863623194010123	0.728039008824082	1.62336586787109	0.0297684611768909	-0.665529266619388	-0.760460364925913	0.296777455132923	1
"91"	916063	-0.518028435361247	-0.260188891360913	1.47668824750403	-0.300449440097867	0.865670287403312	-0.910543368981308	0.445741003360064	-0.732874182506974	-0.424907844610553	-0.363733385005135	-0.186348194653429	-0.254947424595382	1.00602527163703	1
"92"	490374	-0.518028435361247	-0.260188891360913	-0.595083323621119	1.28665091638453	0.997769324766805	-2.1217378503621	-4.79171578612068	-0.732874182506974	1.11129743975068	-0.363733385005135	0.53242341329551	1.20542329191504	3.13376872114934	1
"93"	916631	-0.518028435361247	-0.260188891360913	1.47668824750403	-0.0562801544851909	0.997769324766805	-0.30494612829091	-0.863623194010123	-0.732874182506974	1.11129743975068	-0.363733385005135	-0.306143462644919	-0.928964678369424	-0.412470361371181	1
"94"	916867	-0.518028435361247	-0.260188891360913	1.47668824750403	1.53082020199721	0.997769324766805	0.0122714739754897	-0.863623194010123	-0.732874182506974	2.1354342959915	0.423270307358917	-0.665529266619388	-0.423451738038892	-1.12171817787529	1
"95"	913445	-0.518028435361247	-0.260188891360913	1.47668824750403	1.53082020199721	0.997769324766805	1.30997984688349	0.445741003360064	-0.732874182506974	1.11129743975068	-0.363733385005135	-0.186348194653429	1.59860002328323	-0.412470361371181	-1
"96"	560039	-0.518028435361247	-0.260188891360913	-0.595083323621119	0.798312345159177	1.1298683621303	-0.0454044537093102	-0.863623194010123	-0.732874182506974	0.599229011630267	0.0297684611768909	0.292832877312531	-0.760460364925913	0.296777455132923	-1
"97"	917035	-0.518028435361247	-0.260188891360913	1.47668824750403	0.432058416740162	1.1298683621303	0.790896497720287	-0.863623194010123	-0.732874182506974	2.1354342959915	-0.363733385005135	-0.425938730636408	-0.928964678369424	-1.12171817787529	-1
"98"	912852	-0.518028435361247	-0.260188891360913	0.440802461941456	-0.422534082904206	1.1298683621303	0.473678895453887	-0.863623194010123	0.825433221579485	-0.936976272730964	-0.363733385005135	-0.186348194653429	0.0539771500510536	1.00602527163703	1
"99"	914948	-0.518028435361247	-0.260188891360913	1.47668824750403	0.5541430595465	1.1298683621303	-0.189594272921311	-0.863623194010123	-0.732874182506974	0.087160583509857	1.99727769208702	-0.665529266619388	0.0820612022916386	-1.12171817787529	1
"100"	445119	-0.518028435361247	-0.260188891360913	-0.595083323621119	1.53082020199721	1.1298683621303	0.560192786981088	-0.863623194010123	1.02022164709029	2.1354342959915	-0.363733385005135	0.053242341329551	1.82327244120791	-0.412470361371181	-1
"101"	909279	-0.518028435361247	-0.260188891360913	0.440802461941456	1.53082020199721	1.1298683621303	1.28114188304109	-0.863623194010123	1.02022164709029	-0.936976272730964	0.816772153540943	-0.425938730636408	-0.254947424595382	-1.12171817787529	-1
"102"	915666	-0.518028435361247	-0.260188891360913	1.47668824750403	0.676227702352838	1.1298683621303	0.444840931611488	-0.863623194010123	-0.732874182506974	-0.424907844610553	-0.363733385005135	-0.0665529266619388	-0.760460364925913	-0.412470361371181	-1
"103"	461154	-0.518028435361247	-0.260188891360913	-0.595083323621119	1.53082020199721	1.26196739949379	-0.939381332823708	-0.863623194010123	-0.732874182506974	0.599229011630267	0.0297684611768909	0.412628145304021	-0.591956051482403	0.296777455132923	1
"104"	460988	-0.518028435361247	-0.260188891360913	-0.595083323621119	0.309973773933824	1.39406643685728	1.74254930451948	-0.863623194010123	-0.732874182506974	1.62336586787109	-0.363733385005135	-0.425938730636408	2.2164491725761	0.296777455132923	-1
"105"	603278	-0.518028435361247	-0.260188891360913	-0.595083323621119	0.0658044883211473	1.52616547422078	-0.622163730557309	-0.863623194010123	-0.732874182506974	1.62336586787109	-0.363733385005135	-0.665529266619388	-0.254947424595382	0.296777455132923	1
"106"	908586	-0.518028435361247	-0.260188891360913	0.440802461941456	0.432058416740162	1.52616547422078	0.502516859296288	-0.863623194010123	-0.732874182506974	2.1354342959915	-0.363733385005135	-0.425938730636408	1.73902028448616	0.296777455132923	1
"107"	907895	-0.518028435361247	-0.260188891360913	0.440802461941456	1.04248163077185	1.52616547422078	1.62719744914989	1.75510520073025	-0.732874182506974	2.1354342959915	0.423270307358917	-0.425938730636408	-0.591956051482403	-1.12171817787529	-1
"108"	909706	-0.518028435361247	-0.260188891360913	-0.595083323621119	-0.300449440097867	1.65826451158427	0.646706678508287	0.445741003360064	0.825433221579485	-0.936976272730964	-0.363733385005135	-0.425938730636408	2.07602891137318	-1.12171817787529	-1
"109"	913537	-0.518028435361247	-0.260188891360913	1.47668824750403	-0.178364797291529	1.65826451158427	0.473678895453887	-0.863623194010123	-0.732874182506974	1.11129743975068	-0.363733385005135	0.173037609321041	1.99177675465142	0.296777455132923	1
"110"	915092	-0.518028435361247	-0.260188891360913	1.47668824750403	0.5541430595465	1.65826451158427	1.51184559378029	0.445741003360064	-0.732874182506974	-0.424907844610553	0.0297684611768909	0.053242341329551	2.38495348601961	-0.412470361371181	1
"111"	915937	-0.518028435361247	-0.260188891360913	1.47668824750403	1.53082020199721	1.65826451158427	0.0699474016602896	-0.863623194010123	-0.732874182506974	2.1354342959915	0.0297684611768909	-0.425938730636408	-0.198779320114212	-1.12171817787529	-1
"112"	910483	1.91670521083661	-0.260188891360913	-3.70274068030884	-1.88754979658026	-2.30470660932051	-0.477973911345309	0.445741003360064	-0.732874182506974	-0.936976272730964	-0.363733385005135	-0.665529266619388	-0.928964678369424	-1.12171817787529	1
"113"	910554	1.91670521083661	-0.260188891360913	-0.595083323621119	-1.27712658254857	-2.04050853459352	0.214137220872289	-0.863623194010123	0.825433221579485	-0.936976272730964	0.0297684611768909	-0.266211706647755	-0.760460364925913	-1.12171817787529	1
"114"	909717	1.91670521083661	-0.260188891360913	-0.595083323621119	-0.910872654129558	-1.24791431041257	-0.564487802872509	-0.863623194010123	-0.732874182506974	-0.424907844610553	-0.363733385005135	-0.665529266619388	0.138229306772809	-0.412470361371181	1
"115"	902471	1.91670521083661	-0.260188891360913	-1.63096910918369	-3.84090408148168	-1.11581527304908	-0.881705405138908	-0.863623194010123	-0.732874182506974	-0.936976272730964	-0.363733385005135	-0.425938730636408	-0.760460364925913	0.296777455132923	1
"116"	916844	1.91670521083661	-0.260188891360913	1.47668824750403	-0.300449440097867	-0.85161719832209	-0.0742424175517108	0.445741003360064	0.825433221579485	-0.424907844610553	-0.363733385005135	0.053242341329551	-0.760460364925913	1.00602527163703	1
"117"	913121	1.91670521083661	-0.260188891360913	0.440802461941456	-0.422534082904206	-0.719518160958598	1.05043817230189	-0.863623194010123	-0.732874182506974	0.599229011630267	-0.363733385005135	-0.425938730636408	-0.0864431111518717	-1.12171817787529	-1
"118"	913219	1.91670521083661	-0.260188891360913	0.440802461941456	-0.910872654129558	-0.719518160958598	-0.997057260508508	0.445741003360064	1.02022164709029	-0.936976272730964	-0.363733385005135	-0.186348194653429	-0.760460364925913	-0.412470361371181	1
"119"	914977	1.91670521083661	-0.260188891360913	0.440802461941456	0.309973773933824	-0.587419123595105	-0.651001694399708	0.445741003360064	-0.732874182506974	-0.424907844610553	-0.363733385005135	-0.186348194653429	2.13219701585435	-0.412470361371181	1
"120"	908366	1.91670521083661	-0.260188891360913	-0.595083323621119	0.432058416740162	-0.587419123595105	0.214137220872289	0.445741003360064	-0.732874182506974	-0.936976272730964	0.0297684611768909	2.56894296915084	-0.423451738038892	3.84301653765345	-1
"121"	910067	1.91670521083661	-0.260188891360913	-0.595083323621119	-0.178364797291529	-0.32322104886812	-2.0640619226773	-0.863623194010123	-0.732874182506974	-0.936976272730964	0.0297684611768909	0.053242341329551	-0.591956051482403	1.00602527163703	1
"122"	916561	1.91670521083661	-0.260188891360913	1.47668824750403	0.5541430595465	-0.32322104886812	-1.08357115203571	0.445741003360064	-0.732874182506974	-0.424907844610553	4.75179061536121	-0.186348194653429	1.26159139639621	-0.412470361371181	-1
"123"	913102	1.91670521083661	-0.260188891360913	1.47668824750403	-0.422534082904206	-0.191122011504628	0.271813148557088	-0.863623194010123	1.02022164709029	-0.936976272730964	-0.363733385005135	-0.425938730636408	1.54243191880206	-1.12171817787529	1
"124"	896554	1.91670521083661	-0.260188891360913	-1.63096910918369	-0.300449440097867	-0.191122011504628	1.16579002767149	1.75510520073025	1.02022164709029	1.11129743975068	-0.363733385005135	0.053242341329551	-0.760460364925913	-0.412470361371181	-1
"125"	896561	1.91670521083661	-0.260188891360913	-1.63096910918369	-0.666703368516882	-0.0590229741411352	-1.45846468198691	0.445741003360064	-0.732874182506974	-0.936976272730964	4.94854153845222	-0.425938730636408	1.34584355311797	-1.12171817787529	-1
"126"	908706	1.91670521083661	-0.260188891360913	-0.595083323621119	-0.0562801544851909	-0.0590229741411352	0.502516859296288	0.445741003360064	2.57852905117675	-0.936976272730964	0.0297684611768909	-0.425938730636408	-0.760460364925913	-0.412470361371181	-1
"127"	916429	1.91670521083661	-0.260188891360913	0.440802461941456	-2.0096344393866	0.0730760632223573	-1.02589522435091	0.445741003360064	0.825433221579485	-0.424907844610553	0.0297684611768909	-0.425938730636408	-0.760460364925913	-1.12171817787529	1
"128"	567375	1.91670521083661	-0.260188891360913	-1.63096910918369	0.920396987965515	0.20517510058585	1.30997984688349	-0.863623194010123	-0.732874182506974	0.087160583509857	0.816772153540943	-0.545733998627898	-0.423451738038892	-0.412470361371181	-1
"129"	913055	1.91670521083661	-0.260188891360913	1.47668824750403	1.04248163077185	0.20517510058585	0.646706678508287	1.75510520073025	-0.732874182506974	0.087160583509857	4.75179061536121	-0.0665529266619388	1.43009570983972	-0.412470361371181	-1
"130"	908776	1.91670521083661	-0.260188891360913	0.440802461941456	-0.300449440097867	0.337274137949342	-0.0454044537093102	0.445741003360064	-0.732874182506974	0.087160583509857	-0.363733385005135	-0.186348194653429	0.306733620216319	-0.412470361371181	-1
"131"	908616	1.91670521083661	-0.260188891360913	-0.595083323621119	-0.178364797291529	0.337274137949342	-0.39146001981811	-0.863623194010123	2.38374062566594	-0.936976272730964	0.0297684611768909	2.608874725148	-0.0302750066707016	1.71527308814113	1
"132"	898003	1.91670521083661	-0.260188891360913	-1.63096910918369	0.798312345159177	0.469373175312835	0.156461293187489	-0.863623194010123	-0.732874182506974	1.62336586787109	4.55503969227019	-0.425938730636408	1.17733923967446	-0.412470361371181	-1
"133"	445230	1.91670521083661	-0.260188891360913	-1.63096910918369	0.309973773933824	0.469373175312835	0.992762244617086	0.445741003360064	1.02022164709029	-0.936976272730964	-0.363733385005135	-0.425938730636408	-0.591956051482403	0.296777455132923	-1
"134"	402368	1.91670521083661	-0.260188891360913	-0.595083323621119	1.04248163077185	0.601472212676327	-0.0165664898669109	-0.863623194010123	-0.732874182506974	2.1354342959915	-0.363733385005135	-0.186348194653429	0.64374224710334	1.00602527163703	1
"135"	902216	1.91670521083661	-0.260188891360913	-0.595083323621119	0.309973773933824	0.73357125003982	-0.708677622084508	0.445741003360064	-0.732874182506974	-0.424907844610553	0.423270307358917	-0.186348194653429	-0.591956051482403	-0.412470361371181	-1
"136"	913399	1.91670521083661	-0.260188891360913	1.47668824750403	1.04248163077185	0.73357125003982	0.416002967769088	0.445741003360064	1.02022164709029	1.62336586787109	-0.363733385005135	3.40750984509127	-0.760460364925913	0.296777455132923	-1
"137"	908740	1.91670521083661	-0.260188891360913	-0.595083323621119	-0.422534082904206	0.73357125003982	-2.2082517418893	-0.863623194010123	0.825433221579485	-0.424907844610553	-0.363733385005135	-0.186348194653429	-0.928964678369424	-0.412470361371181	1
"138"	567447	1.91670521083661	-0.260188891360913	-0.595083323621119	1.53082020199721	0.865670287403312	1.36765577456829	0.445741003360064	-0.732874182506974	1.62336586787109	-0.363733385005135	-0.186348194653429	0.92458276950919	0.296777455132923	-1
"139"	916085	1.91670521083661	-0.260188891360913	0.440802461941456	0.432058416740162	1.26196739949379	0.358327040084288	0.445741003360064	-0.732874182506974	-0.936976272730964	-0.363733385005135	-0.425938730636408	1.54243191880206	-0.412470361371181	-1
"140"	908692	1.91670521083661	-0.260188891360913	-0.595083323621119	-0.910872654129558	1.26196739949379	1.45416966609549	0.445741003360064	-0.732874182506974	0.087160583509857	0.816772153540943	-0.186348194653429	-0.0864431111518717	0.296777455132923	-1
"141"	511528	1.91670521083661	-0.260188891360913	-1.63096910918369	-0.178364797291529	1.52616547422078	-0.477973911345309	1.75510520073025	-0.732874182506974	1.62336586787109	0.0297684611768909	-0.545733998627898	-0.591956051482403	-0.412470361371181	1
"142"	NA	0.212765957446809	0.0638297872340425	1983.57446808511	674.609929078014	674.468085106383	3.38574468085106	3.65957446808511	7.52482269503546	10.9787234042553	5.54609929078014	16.6666666666667	33.0780141843972	15.4893617021277	NA
"143"	NA	0.410722545179274	0.245320954711718	0.965357391651932	81.910384223042	75.7007787458991	0.346765120264739	0.763729451292823	10.2675505218303	11.717184013909	15.2477048283644	25.0427253955734	35.6073970890451	8.45966650919577	NA
"144"	NA	NA	NA	NA	NA	NA	NA	NA	NA	NA	NA	NA	NA	NA	NA
"145"	NA	NA	NA	NA	NA	NA	NA	NA	NA	NA	NA	NA	NA	NA	NA
"146"	NA	NA	NA	NA	NA	NA	NA	NA	NA	NA	NA	NA	NA	NA	NA
"147"	NA	NA	NA	NA	NA	NA	NA	NA	NA	NA	NA	NA	NA	NA	NA
"148"	NA	NA	NA	NA	NA	NA	NA	NA	NA	NA	NA	NA	NA	NA	NA
"149"	NA	NA	NA	NA	NA	NA	NA	NA	NA	NA	NA	NA	NA	NA	NA
"150"	NA	NA	NA	NA	NA	NA	NA	NA	NA	NA	NA	NA	NA	NA	NA
"151"	NA	NA	NA	NA	NA	NA	NA	NA	NA	NA	NA	NA	NA	NA	NA
"152"	NA	NA	NA	NA	NA	NA	NA	NA	NA	NA	NA	NA	NA	NA	NA
"153"	NA	NA	NA	NA	NA	NA	NA	NA	NA	NA	NA	NA	NA	NA	NA
"154"	NA	NA	NA	NA	NA	NA	NA	NA	NA	NA	NA	NA	NA	NA	NA
"155"	NA	NA	NA	NA	NA	NA	NA	NA	NA	NA	NA	NA	NA	NA	NA
"156"	NA	NA	NA	NA	NA	NA	NA	NA	NA	NA	NA	NA	NA	NA	NA
"157"	NA	NA	NA	NA	NA	NA	NA	NA	NA	NA	NA	NA	NA	NA	NA
"158"	NA	NA	NA	NA	NA	NA	NA	NA	NA	NA	NA	NA	NA	NA	NA
"159"	NA	NA	NA	NA	NA	NA	NA	NA	NA	NA	NA	NA	NA	NA	NA
"160"	NA	NA	NA	NA	NA	NA	NA	NA	NA	NA	NA	NA	NA	NA	NA
"161"	NA	NA	NA	NA	NA	NA	NA	NA	NA	NA	NA	NA	NA	NA	NA
"162"	NA	NA	NA	NA	NA	NA	NA	NA	NA	NA	NA	NA	NA	NA	NA
"163"	NA	NA	NA	NA	NA	NA	NA	NA	NA	NA	NA	NA	NA	NA	NA
"164"	NA	NA	NA	NA	NA	NA	NA	NA	NA	NA	NA	NA	NA	NA	NA
"165"	NA	NA	NA	NA	NA	NA	NA	NA	NA	NA	NA	NA	NA	NA	NA
"166"	NA	NA	NA	NA	NA	NA	NA	NA	NA	NA	NA	NA	NA	NA	NA
"167"	NA	NA	NA	NA	NA	NA	NA	NA	NA	NA	NA	NA	NA	NA	NA
"168"	NA	NA	NA	NA	NA	NA	NA	NA	NA	NA	NA	NA	NA	NA	NA
"169"	NA	NA	NA	NA	NA	NA	NA	NA	NA	NA	NA	NA	NA	NA	NA
"170"	NA	NA	NA	NA	NA	NA	NA	NA	NA	NA	NA	NA	NA	NA	NA
"171"	NA	NA	NA	NA	NA	NA	NA	NA	NA	NA	NA	NA	NA	NA	NA
"172"	NA	NA	NA	NA	NA	NA	NA	NA	NA	NA	NA	NA	NA	NA	NA
"173"	NA	NA	NA	NA	NA	NA	NA	NA	NA	NA	NA	NA	NA	NA	NA
"174"	NA	NA	NA	NA	NA	NA	NA	NA	NA	NA	NA	NA	NA	NA	NA
"175"	NA	NA	NA	NA	NA	NA	NA	NA	NA	NA	NA	NA	NA	NA	NA
